%YAML:1.0
rotation: !!opencv-matrix
   rows: 3
   cols: 3
   dt: d
   data: [ 9.9997719946244057e-01, 4.3830874072939450e-03,
       -5.1370322204805806e-03, -4.4259314103313593e-03,
       9.9995527025390052e-01, -8.3587452766406209e-03,
       5.1001653311708106e-03, 8.3812908450155155e-03,
       9.9995186998043362e-01 ]
translation: !!opencv-matrix
   rows: 3
   cols: 1
   dt: d
   data: [ -5.5972716774944607e-02, -5.3673246929494189e-03,
       -1.0546406807108992e-02 ]
essential: !!opencv-matrix
   rows: 3
   cols: 3
   dt: d
   data: [ -7.4051916473833780e-05, 1.0500949959699005e-02,
       -5.4552210915913809e-03, -1.0260696233777454e-02,
       4.2289779580805106e-04, 5.6024200038569456e-02,
       5.6149337203569719e-03, -5.5946687676262236e-02,
       4.4028956207784928e-04 ]
fundamental: !!opencv-matrix
   rows: 3
   cols: 3
   dt: d
   data: [ -3.2528209193945130e-08, 4.6242859242674753e-06,
       -1.8474401805859107e-03, -4.5146207694416178e-06,
       1.8654005679229685e-07, 1.0265004014191214e-02,
       5.1192807915675410e-03, -3.0623311535705789e-02, 1. ]
