%YAML:1.0
cameraMatrix: !!opencv-matrix
   rows: 3
   cols: 3
   dt: d
   data: [ 3.7229228238196856e+02, 0., 2.4958830977806323e+02, 0.,
       3.7135715412197504e+02, 2.0834461570770495e+02, 0., 0., 1. ]
distortionCoefficients: !!opencv-matrix
   rows: 1
   cols: 5
   dt: d
   data: [ 1.1555637089732107e-01, -3.1924923656212273e-01,
       6.8906544560119710e-04, 4.5407585724630217e-04,
       1.2556757518174866e-01 ]
rotation: !!opencv-matrix
   rows: 3
   cols: 3
   dt: d
   data: [ 1., 0., 0., 0., 1., 0., 0., 0., 1. ]
projection: !!opencv-matrix
   rows: 4
   cols: 4
   dt: d
   data: [ 3.7229228238196856e+02, 0., 2.4958830977806323e+02, 0., 0.,
       3.7135715412197504e+02, 2.0834461570770495e+02, 0., 0., 0., 1.,
       0., 0., 0., 0., 1. ]
