%YAML:1.0
cameraMatrix: !!opencv-matrix
   rows: 3
   cols: 3
   dt: d
   data: [ 1.0600848789866750e+03, 0., 9.5228345367625184e+02, 0.,
       1.0583274164755426e+03, 5.4792673646072603e+02, 0., 0., 1. ]
distortionCoefficients: !!opencv-matrix
   rows: 1
   cols: 5
   dt: d
   data: [ 5.6815196366210623e-02, -6.6047391986424564e-02,
       2.5649269167953752e-03, 1.7931471065827883e-03,
       1.6340293371921170e-02 ]
rotation: !!opencv-matrix
   rows: 3
   cols: 3
   dt: d
   data: [ 1., 0., 0., 0., 1., 0., 0., 0., 1. ]
projection: !!opencv-matrix
   rows: 4
   cols: 4
   dt: d
   data: [ 1.0600848789866750e+03, 0., 9.5228345367625184e+02, 0., 0.,
       1.0583274164755426e+03, 5.4792673646072603e+02, 0., 0., 0., 1.,
       0., 0., 0., 0., 1. ]
