%YAML:1.0
depthShift: 1.4752535624192540e+00
