%YAML:1.0
rotation: !!opencv-matrix
   rows: 3
   cols: 3
   dt: d
   data: [ 9.8500754410630142e-01, 1.7414022274611245e-02,
       1.7163009608425897e-01, -4.7249108875386171e-02,
       9.8408154893007005e-01, 1.7132141362327150e-01,
       -1.6591461588466075e-01, -1.7686225398205666e-01,
       9.7015054674634482e-01 ]
translation: !!opencv-matrix
   rows: 3
   cols: 1
   dt: d
   data: [ -2.7099902699552902e-01, -2.1148924222609367e-01,
       -3.1013282688889571e-01 ]
essential: !!opencv-matrix
   rows: 3
   cols: 3
   dt: d
   data: [ 2.0435656684175581e-02, 3.4260045673194983e-01,
       -1.5204400966302797e-01, -3.5044587362965590e-01,
       -5.3330158696904870e-02, 2.0968172732961593e-01,
       2.2112296162166270e-01, -2.6300226386933623e-01,
       -1.0130017431353576e-02 ]
fundamental: !!opencv-matrix
   rows: 3
   cols: 3
   dt: d
   data: [ 6.2754460574103413e-07, 1.0615184875433006e-05,
       -4.7058134850805206e-03, -1.0773042013720888e-05,
       -1.6541462349871957e-06, 6.1979441619976093e-03,
       1.2369182728974490e-02, -1.7750421720427019e-02, 1. ]
