%YAML:1.0
depthShift: 2.4209105743207381e+01
