%YAML:1.0
cameraMatrix: !!opencv-matrix
   rows: 3
   cols: 3
   dt: d
   data: [ 4.8025813946408107e+02, 0., 2.5464576663486662e+02, 0.,
       4.7598263861064885e+02, 2.1701734175672203e+02, 0., 0., 1. ]
distortionCoefficients: !!opencv-matrix
   rows: 1
   cols: 5
   dt: d
   data: [ 6.7096118563801999e-01, -2.6224272864200313e+00,
       2.5915285565885890e-02, -4.7643078918286756e-04,
       3.4611961647272826e+00 ]
rotation: !!opencv-matrix
   rows: 3
   cols: 3
   dt: d
   data: [ 1., 0., 0., 0., 1., 0., 0., 0., 1. ]
projection: !!opencv-matrix
   rows: 4
   cols: 4
   dt: d
   data: [ 4.8025813946408107e+02, 0., 2.5464576663486662e+02, 0., 0.,
       4.7598263861064885e+02, 2.1701734175672203e+02, 0., 0., 0., 1.,
       0., 0., 0., 0., 1. ]
