%YAML:1.0
cameraMatrix: !!opencv-matrix
   rows: 3
   cols: 3
   dt: d
   data: [ 1.0504395186843731e+03, 0., 9.5015434770290642e+02, 0.,
       1.0493241108578188e+03, 5.4141002960964795e+02, 0., 0., 1. ]
distortionCoefficients: !!opencv-matrix
   rows: 1
   cols: 5
   dt: d
   data: [ 5.7083737466570153e-02, -6.4896300527893733e-02,
       2.3637686685945582e-03, 1.4997891769108998e-03,
       1.2898277114319696e-02 ]
rotation: !!opencv-matrix
   rows: 3
   cols: 3
   dt: d
   data: [ 1., 0., 0., 0., 1., 0., 0., 0., 1. ]
projection: !!opencv-matrix
   rows: 4
   cols: 4
   dt: d
   data: [ 1.0504395186843731e+03, 0., 9.5015434770290642e+02, 0., 0.,
       1.0493241108578188e+03, 5.4141002960964795e+02, 0., 0., 0., 1.,
       0., 0., 0., 0., 1. ]
