%YAML:1.0
depthShift: -2.3487685420519746e+01
