%YAML:1.0
rotation: !!opencv-matrix
   rows: 3
   cols: 3
   dt: d
   data: [ 9.7271812298233884e-01, 3.4738462888063419e-02,
       2.2937456794049818e-01, -7.5569243603104935e-02,
       9.8224486869076633e-01, 1.7170995123146984e-01,
       -2.1933705259935030e-01, -1.8435904406031675e-01,
       9.5807254434630151e-01 ]
translation: !!opencv-matrix
   rows: 3
   cols: 1
   dt: d
   data: [ -4.0790109111452189e-01, -2.5877305566812792e-01,
       -1.3105907567342034e-01 ]
essential: !!opencv-matrix
   rows: 3
   cols: 3
   dt: d
   data: [ 4.6854484106412311e-02, 1.7643925774711516e-01,
       -2.2541921235990592e-01, -2.1695136116596800e-01,
       -7.9753046065458438e-02, 3.6073721734845071e-01,
       2.8253801790831123e-01, -3.9166937548984587e-01,
       -1.0684718624018569e-02 ]
fundamental: !!opencv-matrix
   rows: 3
   cols: 3
   dt: d
   data: [ 2.2155182624927578e-06, 8.2825663356206808e-06,
       -7.0325620521046999e-03, -1.0288290393139098e-05,
       -3.7546861528001844e-06, 1.1043061288781989e-02,
       1.7828700315887427e-02, -2.5828066463103524e-02,
       9.9999999999999989e-01 ]
