%YAML:1.0
cameraMatrix: !!opencv-matrix
   rows: 3
   cols: 3
   dt: d
   data: [ 4.4832578858791567e+02, 0., 2.5332492313070398e+02, 0.,
       4.5159403224667773e+02, 2.0436014373326265e+02, 0., 0., 1. ]
distortionCoefficients: !!opencv-matrix
   rows: 1
   cols: 5
   dt: d
   data: [ 4.2628273364907843e-01, -2.2987023404380627e+00,
       1.0614257879322471e-02, 5.2621928562692133e-03,
       3.2161440986774261e+00 ]
rotation: !!opencv-matrix
   rows: 3
   cols: 3
   dt: d
   data: [ 1., 0., 0., 0., 1., 0., 0., 0., 1. ]
projection: !!opencv-matrix
   rows: 4
   cols: 4
   dt: d
   data: [ 4.4832578858791567e+02, 0., 2.5332492313070398e+02, 0., 0.,
       4.5159403224667773e+02, 2.0436014373326265e+02, 0., 0., 0., 1.,
       0., 0., 0., 0., 1. ]
