%YAML:1.0
cameraMatrix: !!opencv-matrix
   rows: 3
   cols: 3
   dt: d
   data: [ 1.0805319474733669e+03, 0., 9.6327951081859396e+02, 0.,
       1.0774098733339642e+03, 5.3722589488129643e+02, 0., 0., 1. ]
distortionCoefficients: !!opencv-matrix
   rows: 1
   cols: 5
   dt: d
   data: [ 7.4227940425899031e-02, -1.3624951026257737e-01,
       -9.5928715305749568e-04, 3.3101689328461523e-04,
       6.1805643918292387e-02 ]
rotation: !!opencv-matrix
   rows: 3
   cols: 3
   dt: d
   data: [ 1., 0., 0., 0., 1., 0., 0., 0., 1. ]
projection: !!opencv-matrix
   rows: 4
   cols: 4
   dt: d
   data: [ 1.0805319474733669e+03, 0., 9.6327951081859396e+02, 0., 0.,
       1.0774098733339642e+03, 5.3722589488129643e+02, 0., 0., 0., 1.,
       0., 0., 0., 0., 1. ]
