%YAML:1.0
cameraMatrix: !!opencv-matrix
   rows: 3
   cols: 3
   dt: d
   data: [ 3.7253773203767304e+02, 0., 2.5462384676128499e+02, 0.,
       3.7163896907157761e+02, 2.0723859477098244e+02, 0., 0., 1. ]
distortionCoefficients: !!opencv-matrix
   rows: 1
   cols: 5
   dt: d
   data: [ 1.2451443664170456e-01, -3.5326961399632817e-01,
       -2.7001417261672994e-04, -4.7087500448791128e-04,
       1.5741575708429137e-01 ]
rotation: !!opencv-matrix
   rows: 3
   cols: 3
   dt: d
   data: [ 1., 0., 0., 0., 1., 0., 0., 0., 1. ]
projection: !!opencv-matrix
   rows: 4
   cols: 4
   dt: d
   data: [ 3.7253773203767304e+02, 0., 2.5462384676128499e+02, 0., 0.,
       3.7163896907157761e+02, 2.0723859477098244e+02, 0., 0., 0., 1.,
       0., 0., 0., 0., 1. ]
