%YAML:1.0
rotation: !!opencv-matrix
   rows: 3
   cols: 3
   dt: d
   data: [ 9.9996144996716763e-01, 1.0083782206489016e-03,
       -8.7224854785686572e-03, -1.0492674053327658e-03,
       9.9998847725148032e-01, -4.6844852628276420e-03,
       8.7176612386480352e-03, 4.6934568954731092e-03,
       9.9995098572124952e-01 ]
translation: !!opencv-matrix
   rows: 3
   cols: 1
   dt: d
   data: [ -5.6951984838629260e-02, -3.5962984238345581e-03,
       -6.1279847634905264e-03 ]
essential: !!opencv-matrix
   rows: 3
   cols: 3
   dt: d
   data: [ -3.7781206044779975e-05, 6.1110350806276390e-03,
       -3.6248286081765461e-03, -5.6312604187849086e-03,
       2.6112235957977229e-04, 5.7002644636281422e-02,
       3.6559176477724237e-03, -5.6947702166224724e-02,
       2.3542207288684578e-04 ]
fundamental: !!opencv-matrix
   rows: 3
   cols: 3
   dt: d
   data: [ -1.7517462406424790e-08, 2.8402670352433340e-06,
       -1.2102661604205475e-03, -2.6176931626131251e-06,
       1.2167635966173582e-07, 1.0512703063112862e-02,
       3.3007454323392628e-03, -3.1762279469065388e-02, 1. ]
