%YAML:1.0
depthShift: 9.6779739580712754e+00
