%YAML:1.0
cameraMatrix: !!opencv-matrix
   rows: 3
   cols: 3
   dt: d
   data: [ 1.0921624234169899e+03, 0., 9.8173361844058343e+02, 0.,
       1.0893551235158516e+03, 5.4713766637116896e+02, 0., 0., 1. ]
distortionCoefficients: !!opencv-matrix
   rows: 1
   cols: 5
   dt: d
   data: [ 8.5143855567522186e-02, -1.4619849663994822e-01,
       2.4843829631420620e-03, 2.7693193736106009e-03,
       6.7388744104129872e-02 ]
rotation: !!opencv-matrix
   rows: 3
   cols: 3
   dt: d
   data: [ 1., 0., 0., 0., 1., 0., 0., 0., 1. ]
projection: !!opencv-matrix
   rows: 4
   cols: 4
   dt: d
   data: [ 1.0921624234169899e+03, 0., 9.8173361844058343e+02, 0., 0.,
       1.0893551235158516e+03, 5.4713766637116896e+02, 0., 0., 0., 1.,
       0., 0., 0., 0., 1. ]
